4.180300000000000000e+04
4.180400000000000000e+04
4.180500000000000000e+04
4.180600000000000000e+04
4.180700000000000000e+04
4.180800000000000000e+04
4.180900000000000000e+04
4.181000000000000000e+04
4.204000000000000000e+04
4.204100000000000000e+04
4.204200000000000000e+04
4.204300000000000000e+04
4.204400000000000000e+04
4.204500000000000000e+04
4.204600000000000000e+04
4.204700000000000000e+04
4.204800000000000000e+04
4.204900000000000000e+04
4.205000000000000000e+04
4.205100000000000000e+04
4.205200000000000000e+04
4.227400000000000000e+04
4.227500000000000000e+04
4.227600000000000000e+04
4.227700000000000000e+04
4.227800000000000000e+04
4.227900000000000000e+04
4.228000000000000000e+04
4.228100000000000000e+04
4.228200000000000000e+04
4.228300000000000000e+04
4.228400000000000000e+04
4.228500000000000000e+04
4.228600000000000000e+04
4.228700000000000000e+04
4.228800000000000000e+04
4.228900000000000000e+04
4.229000000000000000e+04
4.250400000000000000e+04
4.250500000000000000e+04
4.250600000000000000e+04
4.250700000000000000e+04
4.250800000000000000e+04
4.250900000000000000e+04
4.251000000000000000e+04
4.251100000000000000e+04
4.251200000000000000e+04
4.251300000000000000e+04
4.251400000000000000e+04
4.251500000000000000e+04
4.251600000000000000e+04
4.251700000000000000e+04
4.251800000000000000e+04
4.251900000000000000e+04
4.252000000000000000e+04
4.252100000000000000e+04
4.252200000000000000e+04
4.252300000000000000e+04
4.252400000000000000e+04
4.273100000000000000e+04
4.273200000000000000e+04
4.273300000000000000e+04
4.273400000000000000e+04
4.273500000000000000e+04
4.273600000000000000e+04
4.273700000000000000e+04
4.273800000000000000e+04
4.273900000000000000e+04
4.274000000000000000e+04
4.274100000000000000e+04
4.274200000000000000e+04
4.274300000000000000e+04
4.274400000000000000e+04
4.274500000000000000e+04
4.274600000000000000e+04
4.274700000000000000e+04
4.274800000000000000e+04
4.274900000000000000e+04
4.275000000000000000e+04
4.275100000000000000e+04
4.275200000000000000e+04
4.275300000000000000e+04
4.295400000000000000e+04
4.295500000000000000e+04
4.295600000000000000e+04
4.295700000000000000e+04
4.295800000000000000e+04
4.295900000000000000e+04
4.296000000000000000e+04
4.296100000000000000e+04
4.296200000000000000e+04
4.296300000000000000e+04
4.296400000000000000e+04
4.296500000000000000e+04
4.296600000000000000e+04
4.296700000000000000e+04
4.296800000000000000e+04
4.296900000000000000e+04
4.297000000000000000e+04
4.297100000000000000e+04
4.297200000000000000e+04
4.297300000000000000e+04
4.297400000000000000e+04
4.297500000000000000e+04
4.297600000000000000e+04
4.297700000000000000e+04
4.297800000000000000e+04
4.317300000000000000e+04
4.317400000000000000e+04
4.317500000000000000e+04
4.317600000000000000e+04
4.317700000000000000e+04
4.317800000000000000e+04
4.317900000000000000e+04
4.318000000000000000e+04
4.318100000000000000e+04
4.318200000000000000e+04
4.318300000000000000e+04
4.318400000000000000e+04
4.318500000000000000e+04
4.318600000000000000e+04
4.318700000000000000e+04
4.318800000000000000e+04
4.318900000000000000e+04
4.319000000000000000e+04
4.319100000000000000e+04
4.319200000000000000e+04
4.319300000000000000e+04
4.319400000000000000e+04
4.319500000000000000e+04
4.319600000000000000e+04
4.319700000000000000e+04
4.319800000000000000e+04
4.319900000000000000e+04
4.338900000000000000e+04
4.339000000000000000e+04
4.339100000000000000e+04
4.339200000000000000e+04
4.339300000000000000e+04
4.339400000000000000e+04
4.339500000000000000e+04
4.339600000000000000e+04
4.339700000000000000e+04
4.339800000000000000e+04
4.339900000000000000e+04
4.340000000000000000e+04
4.340100000000000000e+04
4.340200000000000000e+04
4.340300000000000000e+04
4.340400000000000000e+04
4.340500000000000000e+04
4.340600000000000000e+04
4.340700000000000000e+04
4.340800000000000000e+04
4.340900000000000000e+04
4.341000000000000000e+04
4.341100000000000000e+04
4.341200000000000000e+04
4.341300000000000000e+04
4.341400000000000000e+04
4.341500000000000000e+04
4.341600000000000000e+04
4.360000000000000000e+04
4.360100000000000000e+04
4.360200000000000000e+04
4.360300000000000000e+04
4.360400000000000000e+04
4.360500000000000000e+04
4.360600000000000000e+04
4.360700000000000000e+04
4.360800000000000000e+04
4.360900000000000000e+04
4.361000000000000000e+04
4.361100000000000000e+04
4.361200000000000000e+04
4.361300000000000000e+04
4.361400000000000000e+04
4.361500000000000000e+04
4.361600000000000000e+04
4.361700000000000000e+04
4.361800000000000000e+04
4.361900000000000000e+04
4.362000000000000000e+04
4.362100000000000000e+04
4.362200000000000000e+04
4.362300000000000000e+04
4.362400000000000000e+04
4.362500000000000000e+04
4.362600000000000000e+04
4.362700000000000000e+04
4.362800000000000000e+04
4.362900000000000000e+04
4.380800000000000000e+04
4.380900000000000000e+04
4.381000000000000000e+04
4.381100000000000000e+04
4.381200000000000000e+04
4.381300000000000000e+04
4.381400000000000000e+04
4.381500000000000000e+04
4.381600000000000000e+04
4.381700000000000000e+04
4.381800000000000000e+04
4.381900000000000000e+04
4.382000000000000000e+04
4.382100000000000000e+04
4.382200000000000000e+04
4.382300000000000000e+04
4.382400000000000000e+04
4.382500000000000000e+04
4.382600000000000000e+04
4.382700000000000000e+04
4.382800000000000000e+04
4.382900000000000000e+04
4.383000000000000000e+04
4.383100000000000000e+04
4.383200000000000000e+04
4.383300000000000000e+04
4.383400000000000000e+04
4.383500000000000000e+04
4.383600000000000000e+04
4.383700000000000000e+04
4.401200000000000000e+04
4.401300000000000000e+04
4.401400000000000000e+04
4.401500000000000000e+04
4.401600000000000000e+04
4.401700000000000000e+04
4.401800000000000000e+04
4.401900000000000000e+04
4.402000000000000000e+04
4.402100000000000000e+04
4.402200000000000000e+04
4.402300000000000000e+04
4.402400000000000000e+04
4.402500000000000000e+04
4.402600000000000000e+04
4.402700000000000000e+04
4.402800000000000000e+04
4.402900000000000000e+04
4.403000000000000000e+04
4.403100000000000000e+04
4.403200000000000000e+04
4.403300000000000000e+04
4.403400000000000000e+04
4.403500000000000000e+04
4.403600000000000000e+04
4.403700000000000000e+04
4.403800000000000000e+04
4.403900000000000000e+04
4.404000000000000000e+04
4.404100000000000000e+04
4.404200000000000000e+04
4.421200000000000000e+04
4.421300000000000000e+04
4.421400000000000000e+04
4.421500000000000000e+04
4.421600000000000000e+04
4.421700000000000000e+04
4.421800000000000000e+04
4.421900000000000000e+04
4.422000000000000000e+04
4.422100000000000000e+04
4.422200000000000000e+04
4.422300000000000000e+04
4.422400000000000000e+04
4.422500000000000000e+04
4.422600000000000000e+04
4.422700000000000000e+04
4.422800000000000000e+04
4.422900000000000000e+04
4.423000000000000000e+04
4.423100000000000000e+04
4.423200000000000000e+04
4.423300000000000000e+04
4.423400000000000000e+04
4.423500000000000000e+04
4.423600000000000000e+04
4.423700000000000000e+04
4.423800000000000000e+04
4.423900000000000000e+04
4.424000000000000000e+04
4.424100000000000000e+04
4.424200000000000000e+04
4.440900000000000000e+04
4.441000000000000000e+04
4.441100000000000000e+04
4.441200000000000000e+04
4.441300000000000000e+04
4.441400000000000000e+04
4.441500000000000000e+04
4.441600000000000000e+04
4.441700000000000000e+04
4.441800000000000000e+04
4.441900000000000000e+04
4.442000000000000000e+04
4.442100000000000000e+04
4.442200000000000000e+04
4.442300000000000000e+04
4.442400000000000000e+04
4.442500000000000000e+04
4.442600000000000000e+04
4.442700000000000000e+04
4.442800000000000000e+04
4.442900000000000000e+04
4.443000000000000000e+04
4.443100000000000000e+04
4.443200000000000000e+04
4.443300000000000000e+04
4.443400000000000000e+04
4.443500000000000000e+04
4.443600000000000000e+04
4.443700000000000000e+04
4.443800000000000000e+04
4.443900000000000000e+04
4.460100000000000000e+04
4.460200000000000000e+04
4.460300000000000000e+04
4.460400000000000000e+04
4.460500000000000000e+04
4.460600000000000000e+04
4.460700000000000000e+04
4.460800000000000000e+04
4.460900000000000000e+04
4.461000000000000000e+04
4.461100000000000000e+04
4.461200000000000000e+04
4.461300000000000000e+04
4.461400000000000000e+04
4.461500000000000000e+04
4.461600000000000000e+04
4.461700000000000000e+04
4.461800000000000000e+04
4.461900000000000000e+04
4.462000000000000000e+04
4.462100000000000000e+04
4.462200000000000000e+04
4.462300000000000000e+04
4.462400000000000000e+04
4.462500000000000000e+04
4.462600000000000000e+04
4.462700000000000000e+04
4.462800000000000000e+04
4.462900000000000000e+04
4.463000000000000000e+04
4.463100000000000000e+04
4.478900000000000000e+04
4.479000000000000000e+04
4.479100000000000000e+04
4.479200000000000000e+04
4.479300000000000000e+04
4.479400000000000000e+04
4.479500000000000000e+04
4.479600000000000000e+04
4.479700000000000000e+04
4.479800000000000000e+04
4.479900000000000000e+04
4.480000000000000000e+04
4.480100000000000000e+04
4.480200000000000000e+04
4.480300000000000000e+04
4.480400000000000000e+04
4.480500000000000000e+04
4.480600000000000000e+04
4.480700000000000000e+04
4.480800000000000000e+04
4.480900000000000000e+04
4.481000000000000000e+04
4.481100000000000000e+04
4.481200000000000000e+04
4.481300000000000000e+04
4.481400000000000000e+04
4.481500000000000000e+04
4.481600000000000000e+04
4.481700000000000000e+04
4.481800000000000000e+04
4.481900000000000000e+04
4.482000000000000000e+04
4.497400000000000000e+04
4.497500000000000000e+04
4.497600000000000000e+04
4.497700000000000000e+04
4.497800000000000000e+04
4.497900000000000000e+04
4.498000000000000000e+04
4.498100000000000000e+04
4.498200000000000000e+04
4.498300000000000000e+04
4.498400000000000000e+04
4.498500000000000000e+04
4.498600000000000000e+04
4.498700000000000000e+04
4.498800000000000000e+04
4.498900000000000000e+04
4.499000000000000000e+04
4.499100000000000000e+04
4.499200000000000000e+04
4.499300000000000000e+04
4.499400000000000000e+04
4.499500000000000000e+04
4.499600000000000000e+04
4.499700000000000000e+04
4.499800000000000000e+04
4.499900000000000000e+04
4.500000000000000000e+04
4.500100000000000000e+04
4.500200000000000000e+04
4.500300000000000000e+04
4.500400000000000000e+04
4.515400000000000000e+04
4.515500000000000000e+04
4.515600000000000000e+04
4.515700000000000000e+04
4.515800000000000000e+04
4.515900000000000000e+04
4.516000000000000000e+04
4.516100000000000000e+04
4.516200000000000000e+04
4.516300000000000000e+04
4.516400000000000000e+04
4.516500000000000000e+04
4.516600000000000000e+04
4.516700000000000000e+04
4.516800000000000000e+04
4.516900000000000000e+04
4.517000000000000000e+04
4.517100000000000000e+04
4.517200000000000000e+04
4.517300000000000000e+04
4.517400000000000000e+04
4.517500000000000000e+04
4.517600000000000000e+04
4.517700000000000000e+04
4.517800000000000000e+04
4.517900000000000000e+04
4.518000000000000000e+04
4.518100000000000000e+04
4.518200000000000000e+04
4.518300000000000000e+04
4.518400000000000000e+04
4.533100000000000000e+04
4.533200000000000000e+04
4.533300000000000000e+04
4.533400000000000000e+04
4.533500000000000000e+04
4.533600000000000000e+04
4.533700000000000000e+04
4.533800000000000000e+04
4.533900000000000000e+04
4.534000000000000000e+04
4.534100000000000000e+04
4.534200000000000000e+04
4.534300000000000000e+04
4.534400000000000000e+04
4.534500000000000000e+04
4.534600000000000000e+04
4.534700000000000000e+04
4.534800000000000000e+04
4.534900000000000000e+04
4.535000000000000000e+04
4.535100000000000000e+04
4.535200000000000000e+04
4.535300000000000000e+04
4.535400000000000000e+04
4.535500000000000000e+04
4.535600000000000000e+04
4.535700000000000000e+04
4.535800000000000000e+04
4.535900000000000000e+04
4.536000000000000000e+04
4.536100000000000000e+04
4.550300000000000000e+04
4.550400000000000000e+04
4.550500000000000000e+04
4.550600000000000000e+04
4.550700000000000000e+04
4.550800000000000000e+04
4.550900000000000000e+04
4.551000000000000000e+04
4.551100000000000000e+04
4.551200000000000000e+04
4.551300000000000000e+04
4.551400000000000000e+04
4.551500000000000000e+04
4.551600000000000000e+04
4.551700000000000000e+04
4.551800000000000000e+04
4.551900000000000000e+04
4.552000000000000000e+04
4.552100000000000000e+04
4.552200000000000000e+04
4.552300000000000000e+04
4.552400000000000000e+04
4.552500000000000000e+04
4.552600000000000000e+04
4.552700000000000000e+04
4.552800000000000000e+04
4.552900000000000000e+04
4.553000000000000000e+04
4.553100000000000000e+04
4.553200000000000000e+04
4.553300000000000000e+04
4.567200000000000000e+04
4.567300000000000000e+04
4.567400000000000000e+04
4.567500000000000000e+04
4.567600000000000000e+04
4.567700000000000000e+04
4.567800000000000000e+04
4.567900000000000000e+04
4.568000000000000000e+04
4.568100000000000000e+04
4.568200000000000000e+04
4.568300000000000000e+04
4.568400000000000000e+04
4.568500000000000000e+04
4.568600000000000000e+04
4.568700000000000000e+04
4.568800000000000000e+04
4.568900000000000000e+04
4.569000000000000000e+04
4.569100000000000000e+04
4.569200000000000000e+04
4.569300000000000000e+04
4.569400000000000000e+04
4.569500000000000000e+04
4.569600000000000000e+04
4.569700000000000000e+04
4.569800000000000000e+04
4.569900000000000000e+04
4.570000000000000000e+04
4.570100000000000000e+04
4.583700000000000000e+04
4.583800000000000000e+04
4.583900000000000000e+04
4.584000000000000000e+04
4.584100000000000000e+04
4.584200000000000000e+04
4.584300000000000000e+04
4.584400000000000000e+04
4.584500000000000000e+04
4.584600000000000000e+04
4.584700000000000000e+04
4.584800000000000000e+04
4.584900000000000000e+04
4.585000000000000000e+04
4.585100000000000000e+04
4.585200000000000000e+04
4.585300000000000000e+04
4.585400000000000000e+04
4.585500000000000000e+04
4.585600000000000000e+04
4.585700000000000000e+04
4.585800000000000000e+04
4.585900000000000000e+04
4.586000000000000000e+04
4.586100000000000000e+04
4.586200000000000000e+04
4.586300000000000000e+04
4.586400000000000000e+04
4.586500000000000000e+04
4.599800000000000000e+04
4.599900000000000000e+04
4.600000000000000000e+04
4.600100000000000000e+04
4.600200000000000000e+04
4.600300000000000000e+04
4.600400000000000000e+04
4.600500000000000000e+04
4.600600000000000000e+04
4.600700000000000000e+04
4.600800000000000000e+04
4.600900000000000000e+04
4.601000000000000000e+04
4.601100000000000000e+04
4.601200000000000000e+04
4.601300000000000000e+04
4.601400000000000000e+04
4.601500000000000000e+04
4.601600000000000000e+04
4.601700000000000000e+04
4.601800000000000000e+04
4.601900000000000000e+04
4.602000000000000000e+04
4.602100000000000000e+04
4.602200000000000000e+04
4.602300000000000000e+04
4.602400000000000000e+04
4.602500000000000000e+04
4.615400000000000000e+04
4.615500000000000000e+04
4.615600000000000000e+04
4.615700000000000000e+04
4.615800000000000000e+04
4.615900000000000000e+04
4.616000000000000000e+04
4.616100000000000000e+04
4.616200000000000000e+04
4.616300000000000000e+04
4.616400000000000000e+04
4.616500000000000000e+04
4.616600000000000000e+04
4.616700000000000000e+04
4.616800000000000000e+04
4.616900000000000000e+04
4.617000000000000000e+04
4.617100000000000000e+04
4.617200000000000000e+04
4.617300000000000000e+04
4.617400000000000000e+04
4.617500000000000000e+04
4.617600000000000000e+04
4.617700000000000000e+04
4.617800000000000000e+04
4.617900000000000000e+04
4.618000000000000000e+04
4.618100000000000000e+04
4.630700000000000000e+04
4.630800000000000000e+04
4.630900000000000000e+04
4.631000000000000000e+04
4.631100000000000000e+04
4.631200000000000000e+04
4.631300000000000000e+04
4.631400000000000000e+04
4.631500000000000000e+04
4.631600000000000000e+04
4.631700000000000000e+04
4.631800000000000000e+04
4.631900000000000000e+04
4.632000000000000000e+04
4.632100000000000000e+04
4.632200000000000000e+04
4.632300000000000000e+04
4.632400000000000000e+04
4.632500000000000000e+04
4.632600000000000000e+04
4.632700000000000000e+04
4.632800000000000000e+04
4.632900000000000000e+04
4.633000000000000000e+04
4.633100000000000000e+04
4.633200000000000000e+04
4.633300000000000000e+04
4.645600000000000000e+04
4.645700000000000000e+04
4.645800000000000000e+04
4.645900000000000000e+04
4.646000000000000000e+04
4.646100000000000000e+04
4.646200000000000000e+04
4.646300000000000000e+04
4.646400000000000000e+04
4.646500000000000000e+04
4.646600000000000000e+04
4.646700000000000000e+04
4.646800000000000000e+04
4.646900000000000000e+04
4.647000000000000000e+04
4.647100000000000000e+04
4.647200000000000000e+04
4.647300000000000000e+04
4.647400000000000000e+04
4.647500000000000000e+04
4.647600000000000000e+04
4.647700000000000000e+04
4.647800000000000000e+04
4.647900000000000000e+04
4.648000000000000000e+04
4.648100000000000000e+04
4.660100000000000000e+04
4.660200000000000000e+04
4.660300000000000000e+04
4.660400000000000000e+04
4.660500000000000000e+04
4.660600000000000000e+04
4.660700000000000000e+04
4.660800000000000000e+04
4.660900000000000000e+04
4.661000000000000000e+04
4.661100000000000000e+04
4.661200000000000000e+04
4.661300000000000000e+04
4.661400000000000000e+04
4.661500000000000000e+04
4.661600000000000000e+04
4.661700000000000000e+04
4.661800000000000000e+04
4.661900000000000000e+04
4.662000000000000000e+04
4.662100000000000000e+04
4.662200000000000000e+04
4.662300000000000000e+04
4.662400000000000000e+04
4.662500000000000000e+04
4.674200000000000000e+04
4.674300000000000000e+04
4.674400000000000000e+04
4.674500000000000000e+04
4.674600000000000000e+04
4.674700000000000000e+04
4.674800000000000000e+04
4.674900000000000000e+04
4.675000000000000000e+04
4.675100000000000000e+04
4.675200000000000000e+04
4.675300000000000000e+04
4.675400000000000000e+04
4.675500000000000000e+04
4.675600000000000000e+04
4.675700000000000000e+04
4.675800000000000000e+04
4.675900000000000000e+04
4.676000000000000000e+04
4.676100000000000000e+04
4.676200000000000000e+04
4.676300000000000000e+04
4.676400000000000000e+04
4.676500000000000000e+04
4.687900000000000000e+04
4.688000000000000000e+04
4.688100000000000000e+04
4.688200000000000000e+04
4.688300000000000000e+04
4.688400000000000000e+04
4.688500000000000000e+04
4.688600000000000000e+04
4.688700000000000000e+04
4.688800000000000000e+04
4.688900000000000000e+04
4.689000000000000000e+04
4.689100000000000000e+04
4.689200000000000000e+04
4.689300000000000000e+04
4.689400000000000000e+04
4.689500000000000000e+04
4.689600000000000000e+04
4.689700000000000000e+04
4.689800000000000000e+04
4.689900000000000000e+04
4.690000000000000000e+04
4.690100000000000000e+04
4.701200000000000000e+04
4.701300000000000000e+04
4.701400000000000000e+04
4.701500000000000000e+04
4.701600000000000000e+04
4.701700000000000000e+04
4.701800000000000000e+04
4.701900000000000000e+04
4.702000000000000000e+04
4.702100000000000000e+04
4.702200000000000000e+04
4.702300000000000000e+04
4.702400000000000000e+04
4.702500000000000000e+04
4.702600000000000000e+04
4.702700000000000000e+04
4.702800000000000000e+04
4.702900000000000000e+04
4.703000000000000000e+04
4.703100000000000000e+04
4.703200000000000000e+04
4.703300000000000000e+04
4.714100000000000000e+04
4.714200000000000000e+04
4.714300000000000000e+04
4.714400000000000000e+04
4.714500000000000000e+04
4.714600000000000000e+04
4.714700000000000000e+04
4.714800000000000000e+04
4.714900000000000000e+04
4.715000000000000000e+04
4.715100000000000000e+04
4.715200000000000000e+04
4.715300000000000000e+04
4.715400000000000000e+04
4.715500000000000000e+04
4.715600000000000000e+04
4.715700000000000000e+04
4.715800000000000000e+04
4.715900000000000000e+04
4.716000000000000000e+04
4.716100000000000000e+04
4.726600000000000000e+04
4.726700000000000000e+04
4.726800000000000000e+04
4.726900000000000000e+04
4.727000000000000000e+04
4.727100000000000000e+04
4.727200000000000000e+04
4.727300000000000000e+04
4.727400000000000000e+04
4.727500000000000000e+04
4.727600000000000000e+04
4.727700000000000000e+04
4.727800000000000000e+04
4.727900000000000000e+04
4.728000000000000000e+04
4.728100000000000000e+04
4.728200000000000000e+04
4.728300000000000000e+04
4.728400000000000000e+04
4.738700000000000000e+04
4.738800000000000000e+04
4.738900000000000000e+04
4.739000000000000000e+04
4.739100000000000000e+04
4.739200000000000000e+04
4.739300000000000000e+04
4.739400000000000000e+04
4.739500000000000000e+04
4.739600000000000000e+04
4.739700000000000000e+04
4.739800000000000000e+04
4.739900000000000000e+04
4.740000000000000000e+04
4.740100000000000000e+04
4.740200000000000000e+04
4.740300000000000000e+04
4.740400000000000000e+04
4.750400000000000000e+04
4.750500000000000000e+04
4.750600000000000000e+04
4.750700000000000000e+04
4.750800000000000000e+04
4.750900000000000000e+04
4.751000000000000000e+04
4.751100000000000000e+04
4.751200000000000000e+04
4.751300000000000000e+04
4.751400000000000000e+04
4.751500000000000000e+04
4.751600000000000000e+04
4.751700000000000000e+04
4.751800000000000000e+04
4.751900000000000000e+04
4.752000000000000000e+04
4.761800000000000000e+04
4.761900000000000000e+04
4.762000000000000000e+04
4.762100000000000000e+04
4.762200000000000000e+04
4.762300000000000000e+04
4.762400000000000000e+04
4.762500000000000000e+04
4.762600000000000000e+04
4.762700000000000000e+04
4.762800000000000000e+04
4.762900000000000000e+04
4.763000000000000000e+04
4.763100000000000000e+04
4.772700000000000000e+04
4.772800000000000000e+04
4.772900000000000000e+04
4.773000000000000000e+04
4.773100000000000000e+04
4.773200000000000000e+04
4.773300000000000000e+04
4.773400000000000000e+04
4.773500000000000000e+04
4.773600000000000000e+04
4.773700000000000000e+04
4.773800000000000000e+04
4.773900000000000000e+04
4.783300000000000000e+04
4.783400000000000000e+04
4.783500000000000000e+04
4.783600000000000000e+04
4.783700000000000000e+04
4.783800000000000000e+04
4.783900000000000000e+04
4.784000000000000000e+04
4.784100000000000000e+04
4.784200000000000000e+04
4.793400000000000000e+04
4.793500000000000000e+04
4.793600000000000000e+04
4.793700000000000000e+04
4.793800000000000000e+04
4.793900000000000000e+04
4.794000000000000000e+04
4.794100000000000000e+04
4.803200000000000000e+04
4.803300000000000000e+04
4.803400000000000000e+04
4.803500000000000000e+04
4.803600000000000000e+04
