0.0500 17.79 0.05 0.91 0.02 0.09 0.02 36.77 0.15 1 
0.0529 17.61 0.05 0.90 0.01 -0.01 0.02 36.82 0.15 1 
0.0251 16.74 0.09 0.68 0.01 0.21 0.01 35.17 0.17 1 
0.0701 18.38 0.09 0.99 0.03 0.04 0.04 37.57 0.15 1 
0.0627 18.18 0.05 1.00 0.02 -0.03 0.02 37.55 0.15 1 
0.0876 19.40 0.11 0.65 0.04 0.03 0.05 38.19 0.16 1 
0.0786 18.28 0.03 0.87 0.02 -0.04 0.02 37.52 0.15 1 
0.0172 15.75 0.13 0.74 0.01 0.03 0.01 34.65 0.19 1 
0.0422 17.29 0.06 0.79 0.02 -0.01 0.02 36.36 0.15 1 
0.0453 17.59 0.05 0.98 0.01 0.10 0.01 36.66 0.15 1 
0.0196 15.07 0.11 1.01 0.01 -0.06 0.01 34.52 0.18 1 
0.1009 19.30 0.03 0.84 0.02 -0.05 0.02 38.51 0.15 1 
0.0273 16.24 0.09 1.03 0.04 0.15 0.02 35.23 0.17 1 
0.0746 18.39 0.05 0.94 0.02 -0.02 0.02 37.67 0.15 1 
0.0265 16.03 0.08 1.14 0.08 -0.01 0.02 35.52 0.18 1 
0.0499 17.73 0.04 0.74 0.01 0.00 0.01 36.70 0.15 1 
0.0306 16.20 0.08 1.04 0.03 0.00 0.02 35.54 0.16 1 
0.0163 15.03 0.13 1.01 0.02 0.11 0.01 34.09 0.14 2 
0.0154 15.22 0.14 0.92 0.01 0.17 0.01 34.03 0.15 2 
0.0305 16.18 0.07 1.00 0.01 -0.04 0.01 35.58 0.09 2 
0.0245 15.51 0.09 1.00 0.03 -0.06 0.01 34.96 0.11 2 
0.0240 15.94 0.09 0.94 0.04 0.10 0.02 34.94 0.12 2 
0.0260 15.99 0.09 1.13 0.03 0.04 0.01 35.36 0.11 2 
0.0489 17.80 0.13 0.78 0.06 0.08 0.04 36.64 0.18 3 
0.0243 16.30 0.10 0.78 0.02 0.11 0.02 35.08 0.19 3 
0.0152 14.77 0.15 1.09 0.05 -0.01 0.02 34.20 0.23 3 
0.0357 17.05 0.11 0.84 0.04 0.02 0.05 36.11 0.19 3 
0.0488 17.03 0.05 1.04 0.01 0.01 0.01 36.35 0.17 3 
0.0220 15.87 0.14 0.89 0.04 0.07 0.05 34.88 0.20 3 
0.0275 16.65 0.08 1.01 0.02 0.12 0.02 35.67 0.18 3 
0.1244 19.53 0.03 0.96 0.03 -0.08 0.02 38.95 0.17 3 
0.0360 16.62 0.07 0.99 0.02 0.03 0.01 35.83 0.17 3 
0.0167 15.35 0.14 1.01 0.04 0.22 0.01 34.16 0.21 3 
0.0163 15.82 0.13 0.87 0.02 0.37 0.01 34.11 0.21 3 
0.0218 15.84 0.11 0.96 0.03 0.08 0.02 34.90 0.28 4 
0.0164 15.33 0.13 0.73 0.01 0.05 0.01 34.18 0.29 4 
0.0232 16.53 0.10 0.73 0.01 0.17 0.01 35.12 0.28 4 
0.0365 17.09 0.07 0.88 0.02 0.05 0.01 36.11 0.27 4 
0.0193 16.94 0.11 0.92 0.03 0.43 0.01 35.16 0.29 4 
0.0176 15.59 0.17 0.91 0.01 0.17 0.01 34.39 0.31 4 
0.0315 16.78 0.07 0.82 0.02 0.06 0.01 35.73 0.27 4 
0.0235 16.10 0.10 0.93 0.03 0.05 0.01 35.19 0.28 4 
0.0167 14.81 0.13 0.85 0.02 0.02 0.01 33.89 0.29 4 
0.0537 17.64 0.06 0.75 0.04 0.08 0.03 36.46 0.27 4 
0.0170 15.70 0.13 0.61 0.03 0.11 0.01 34.27 0.29 4 
0.0279 16.05 0.08 0.93 0.02 0.10 0.02 35.03 0.27 4 
0.0172 15.10 0.13 0.93 0.03 0.05 0.01 34.19 0.29 4 
0.0300 16.83 0.08 0.92 0.04 0.03 0.02 35.96 0.27 4 
0.0166 15.31 0.13 0.88 0.02 0.04 0.01 34.38 0.29 4 
0.0150 14.69 0.15 1.05 0.01 -0.02 0.01 34.10 0.15 5 
0.0544 17.89 0.06 0.96 0.04 0.07 0.03 36.97 0.08 5 
0.1561 19.97 0.03 0.99 0.04 -0.01 0.02 39.29 0.06 5 
0.0393 16.78 0.06 1.20 0.03 0.01 0.02 36.31 0.07 5 
0.1241 19.76 0.05 1.18 0.06 0.21 0.03 38.81 0.07 5 
0.1441 20.43 0.04 0.68 0.03 0.12 0.02 39.05 0.06 5 
0.1299 19.60 0.03 1.09 0.04 0.01 0.02 39.00 0.06 5 
0.0784 18.39 0.03 1.09 0.03 0.00 0.02 37.78 0.07 5 
0.6200 23.50 0.09 1.10 0.17 -0.12 0.09 43.21 0.37 6 
0.5700 23.40 0.07 0.82 0.05 -0.06 0.06 42.63 0.33 6 
0.3000 22.03 0.10 0.79 0.06 0.07 0.09 40.91 0.32 6 
0.3800 22.64 0.05 0.85 0.01 -0.10 0.05 41.98 0.29 6 
0.4300 22.61 0.05 0.92 0.07 -0.21 0.09 42.29 0.35 6 
0.2400 21.60 0.08 1.35 0.39 0.18 0.09 40.92 0.60 6 
0.3000 21.53 0.38 0.54 0.20 0.05 0.32 40.15 0.46 6 
0.2400 20.99 0.03 1.30 0.03 -0.10 0.01 40.89 0.28 6 
0.4400 22.80 0.06 0.86 0.03 -0.04 0.04 42.02 0.29 6 
0.5000 23.14 0.05 0.91 0.02 -0.04 0.02 42.43 0.29 6 
0.9700 24.72 0.15 1.03 0.12 0.42 0.28 43.08 0.74 6 
0.4790 22.72 0.06 0.98 0.04 -0.12 0.05 42.26 0.31 6 
0.8300 24.34 0.09 1.00 0.02 0.06 0.04 43.49 0.37 7 
0.4160 22.46 0.07 1.08 0.05 -0.08 0.14 42.04 0.44 7 
0.4500 22.92 0.05 0.74 0.07 0.05 0.05 41.80 0.37 7 
0.5790 23.57 0.10 0.90 0.05 -0.16 0.17 43.11 0.56 7 
0.3200 21.89 0.04 1.05 0.02 0.03 0.03 41.19 0.34 7 
0.6570 23.92 0.12 0.98 0.11 0.05 0.16 43.08 0.55 7 
0.4720 23.13 0.06 0.94 0.04 0.11 0.14 42.10 0.47 7 
0.3740 23.32 0.15 1.06 0.06 -0.18 0.33 43.12 0.69 7 
0.5260 23.18 0.06 0.93 0.02 0.17 0.09 42.01 0.40 7 
0.7630 24.37 0.29 0.90 0.12 -0.36 0.24 44.37 0.89 7 
0.5800 23.41 0.07 1.11 0.05 -0.04 0.08 42.94 0.40 7 
0.4300 23.22 0.05 0.95 0.07 0.25 0.09 41.89 0.39 7 
0.4500 23.25 0.06 0.98 0.04 0.11 0.11 42.28 0.42 7 
0.8280 24.55 0.17 1.38 0.56 0.05 0.17 44.20 0.61 7 
0.6560 23.77 0.11 0.85 0.09 -0.13 0.14 43.18 0.53 7 
0.4950 22.82 0.05 0.92 0.09 -0.04 0.08 42.12 0.40 7 
0.4900 23.07 0.05 0.98 0.03 0.23 0.05 41.82 0.36 7 
0.5700 23.31 0.06 1.08 0.10 -0.01 0.07 42.74 0.40 7 
0.3880 22.55 0.07 0.95 0.04 -0.14 0.08 42.10 0.37 7 
0.4500 22.61 0.06 0.95 0.04 -0.16 0.08 42.21 0.38 7 
0.4800 23.06 0.06 0.84 0.05 0.01 0.10 42.13 0.40 7 
0.6150 23.22 0.10 1.12 0.16 0.02 0.15 42.61 0.52 7 
0.4000 22.18 0.05 1.20 0.05 -0.17 0.09 42.11 0.38 7 
0.6550 23.22 0.11 1.15 0.13 0.16 0.11 42.33 0.50 7 
0.4980 23.66 0.06 1.04 0.13 -0.01 0.12 43.03 0.45 7 
0.4650 23.37 0.11 0.93 0.14 0.33 0.24 41.84 0.68 7 
0.4530 23.20 0.06 0.93 0.05 -0.12 0.09 42.69 0.39 7 
0.4250 22.34 0.15 0.90 0.10 0.09 0.11 41.30 0.37 7 
0.2780 21.72 0.06 0.89 0.10 0.09 0.06 40.67 0.21 8 
0.4770 22.72 0.07 1.03 0.05 0.02 0.06 42.01 0.15 8 
0.9500 24.30 0.10 1.16 0.03 0.04 0.10 43.70 0.27 8 
1.0570 24.77 0.13 0.95 0.13 -0.03 0.07 44.08 0.21 8 
0.8160 24.22 0.09 1.02 0.05 -0.11 0.18 43.80 0.42 8 
0.4550 23.21 0.07 0.86 0.08 -0.00 0.09 42.35 0.24 8 
0.5140 23.06 0.24 0.89 0.05 -0.09 0.25 42.43 0.43 9 
0.4230 22.60 0.05 0.96 0.07 0.10 0.03 41.61 0.24 9 
0.9460 24.60 0.19 0.96 0.15 0.30 0.33 43.16 0.81 9 
0.8590 24.73 0.10 0.82 0.08 -0.10 0.08 44.02 0.30 9 
1.0310 24.47 0.18 0.95 0.12 0.67 0.51 42.18 1.29 9 
0.9360 24.96 0.16 0.64 0.17 -0.15 0.17 44.15 0.52 9 
0.5280 22.89 0.08 0.94 0.04 -0.10 0.04 42.35 0.24 9 
0.6450 24.55 0.17 1.33 0.48 0.10 0.24 44.04 0.96 9 
0.9780 24.50 0.10 0.85 0.04 -0.01 0.09 43.65 0.31 9 
0.8850 24.31 0.11 0.94 0.07 -0.28 0.18 44.18 0.47 9 
0.8150 25.19 0.20 0.57 0.10 -0.07 0.42 44.14 0.92 9 
0.5680 23.07 0.06 0.92 0.06 -0.13 0.07 42.56 0.29 9 
0.7110 23.80 0.08 0.96 0.03 -0.09 0.04 43.25 0.25 9 
0.3396 22.10 0.09 0.89 0.04 0.07 0.08 41.10 0.26 9 
0.3965 22.47 0.06 0.98 0.03 0.15 0.04 41.41 0.24 9 
0.8120 24.95 0.09 0.71 0.05 0.03 0.06 43.81 0.28 9 
0.7990 24.78 0.08 0.96 0.08 0.38 0.07 43.17 0.27 9 
0.8820 24.91 0.10 1.13 0.18 0.63 0.16 42.93 0.32 9 
0.8330 24.26 0.09 1.09 0.05 0.12 0.11 43.41 0.35 9 
0.8740 25.12 0.14 0.84 0.10 0.37 0.17 43.39 0.46 9 
0.7720 23.75 0.08 0.96 0.03 -0.19 0.04 43.44 0.26 9 
0.5430 23.03 0.06 1.03 0.02 -0.01 0.03 42.39 0.14 10 
0.7500 23.91 0.07 0.95 0.02 -0.01 0.02 43.17 0.14 10 
0.6400 23.80 0.08 0.73 0.04 0.02 0.07 42.73 0.23 10 
0.4300 22.87 0.08 0.96 0.04 -0.03 0.04 42.20 0.14 10 
0.6400 23.72 0.09 1.02 0.05 -0.06 0.05 43.19 0.19 10 
0.4970 23.15 0.06 1.10 0.03 0.07 0.04 42.41 0.16 10 
0.4400 23.20 0.05 1.01 0.02 0.23 0.03 42.00 0.13 10 
0.3550 22.67 0.05 0.88 0.02 0.13 0.04 41.52 0.13 10 
0.7800 24.26 0.09 1.09 0.04 0.08 0.03 43.49 0.15 10 
0.5400 23.16 0.05 0.95 0.02 -0.02 0.02 42.43 0.12 10 
0.8600 24.48 0.08 1.00 0.03 0.02 0.03 43.75 0.16 10 
1.0200 24.97 0.10 0.99 0.05 0.03 0.06 44.20 0.22 11 
1.1400 24.73 0.12 1.14 0.14 -0.03 0.08 44.28 0.28 11 
0.8540 24.53 0.09 0.94 0.06 -0.07 0.06 43.92 0.22 11 
1.3700 25.73 0.18 0.91 0.19 0.06 0.10 44.79 0.32 11 
0.9750 24.88 0.09 1.22 0.06 0.10 0.03 44.23 0.20 11 
0.9700 25.02 0.09 0.99 0.09 -0.12 0.06 44.58 0.24 11 
0.7400 23.84 0.12 1.02 0.04 -0.11 0.05 43.42 0.20 11 
1.3900 25.82 0.17 1.39 0.64 0.34 0.17 44.83 0.59 11 
0.4600 23.59 0.11 0.86 0.07 0.24 0.06 42.16 0.19 11 
1.0200 24.83 0.20 1.08 0.10 0.11 0.07 43.98 0.24 11 
1.1200 25.07 0.11 0.96 0.05 0.03 0.07 44.25 0.24 11 
1.2300 26.02 0.12 0.88 0.10 0.14 0.06 44.85 0.24 11 
1.1900 25.76 0.13 0.70 0.10 0.25 0.05 44.12 0.25 11 
0.8390 24.20 0.14 1.00 0.05 -0.04 0.07 43.60 0.21 11 
1.0100 25.03 0.10 1.08 0.04 -0.01 0.02 44.45 0.20 11 
0.5210 23.07 0.08 1.21 0.06 0.09 0.06 42.43 0.19 11 
0.4750 23.09 0.15 0.83 0.05 0.00 0.13 42.19 0.22 11 
0.9500 24.66 0.10 1.09 0.08 0.13 0.05 43.77 0.21 11 
1.3000 25.65 0.14 1.02 0.09 0.01 0.11 44.95 0.35 11 
1.3050 25.41 0.16 0.86 0.04 0.05 0.08 44.42 0.29 11 
0.5260 24.04 0.12 1.03 0.09 0.16 0.05 43.02 0.23 11 
0.7350 24.02 0.08 0.92 0.01 0.04 0.04 43.11 0.18 11 
1.1400 25.35 0.16 1.00 0.36 0.27 0.20 44.03 0.77 11 
1.5510 26.64 0.26 1.04 0.46 0.29 0.08 45.33 0.40 11 
1.2650 25.68 0.12 0.99 0.07 0.15 0.05 44.63 0.23 11 
1.3400 25.77 0.14 1.23 0.15 0.18 0.07 44.95 0.25 11 
0.8400 24.35 0.08 0.97 0.05 0.02 0.03 43.56 0.20 11 
0.4680 23.86 0.05 1.00 0.03 0.29 0.04 42.49 0.16 12 
0.8400 24.31 0.09 1.05 0.06 0.14 0.12 43.35 0.33 12 
0.9600 24.54 0.13 0.92 0.06 0.07 0.14 43.59 0.43 12 
0.8218 24.34 0.09 0.95 0.03 0.02 0.12 43.54 0.35 12 
0.9300 24.87 0.17 0.90 0.05 -0.26 0.23 44.64 0.69 12 
0.4510 23.23 0.04 0.95 0.01 0.28 0.02 41.85 0.14 12 
0.6100 23.57 0.06 0.86 0.02 -0.08 0.03 42.88 0.15 12 
0.8300 24.24 0.10 1.11 0.03 -0.45 0.17 44.69 0.46 12 
0.7070 24.15 0.09 0.80 0.05 -0.05 0.08 43.32 0.25 12 
0.4150 22.53 0.04 0.96 0.01 0.01 0.02 41.77 0.13 12 
0.5570 23.00 0.06 0.94 0.03 -0.18 0.03 42.65 0.15 12 
0.7910 24.21 0.08 0.94 0.05 0.04 0.06 43.33 0.19 12 
0.6950 24.03 0.08 0.75 0.03 -0.06 0.05 43.16 0.18 12 
0.6330 23.74 0.07 0.98 0.06 -0.08 0.06 43.20 0.20 12 
0.2486 21.13 0.08 0.99 0.03 -0.09 0.06 40.63 0.14 12 
0.5320 23.49 0.06 0.94 0.04 0.03 0.05 42.65 0.20 12 
0.3310 21.80 0.03 0.94 0.01 0.04 0.01 40.93 0.12 12 
0.3460 22.45 0.04 0.84 0.01 0.12 0.03 41.28 0.13 12 
0.9610 24.57 0.15 0.96 0.08 -0.12 0.19 44.09 0.54 12 
0.6130 24.02 0.06 0.82 0.02 0.06 0.02 42.96 0.15 12 
0.3402 22.14 0.03 1.01 0.01 0.08 0.01 41.26 0.12 12 
0.9830 24.93 0.24 0.83 0.06 0.02 0.28 43.97 0.87 12 
0.7100 24.26 0.08 0.98 0.04 0.22 0.05 43.03 0.19 12 
0.7300 24.13 0.07 0.92 0.03 0.01 0.04 43.31 0.17 12 
0.4700 23.47 0.05 0.73 0.02 0.06 0.03 42.30 0.15 12 
0.6200 23.78 0.06 0.89 0.02 -0.06 0.03 43.10 0.15 12 
0.5210 23.32 0.06 1.07 0.05 0.18 0.04 42.28 0.17 12 
0.3690 22.34 0.04 0.89 0.02 -0.00 0.01 41.51 0.13 12 
0.5710 23.26 0.07 0.98 0.06 0.03 0.05 42.46 0.18 12 
0.6040 23.32 0.06 1.06 0.02 0.11 0.02 42.44 0.14 12 
0.9271 24.72 0.16 1.05 0.06 -0.29 0.21 44.74 0.62 12 
0.2850 21.21 0.03 1.02 0.02 -0.08 0.01 40.71 0.13 12 
0.2912 22.05 0.05 1.04 0.03 0.26 0.02 40.79 0.13 12 
0.5480 24.12 0.08 0.86 0.05 0.24 0.06 42.68 0.16 12 
0.8680 24.37 0.14 1.02 0.06 -0.11 0.25 43.96 0.70 12 
0.4960 22.96 0.05 0.88 0.02 -0.05 0.04 42.22 0.16 12 
0.8110 24.39 0.09 1.00 0.05 -0.16 0.14 44.06 0.36 12 
0.7560 24.08 0.09 0.81 0.03 -0.23 0.06 43.67 0.20 12 
0.8170 24.27 0.08 1.11 0.05 0.06 0.11 43.57 0.31 12 
0.7520 23.88 0.08 1.01 0.04 0.02 0.05 43.14 0.18 12 
0.5516 23.47 0.05 0.90 0.02 0.11 0.03 42.41 0.15 12 
0.3578 22.53 0.04 0.92 0.00 0.15 0.01 41.39 0.13 12 
1.0100 25.12 0.27 1.09 0.10 -0.07 0.28 44.69 0.91 12 
0.7410 24.10 0.07 0.95 0.02 -0.07 0.03 43.48 0.16 12 
0.4300 22.80 0.05 0.78 0.02 -0.01 0.03 41.84 0.14 12 
0.5260 23.63 0.06 0.82 0.03 0.02 0.04 42.67 0.15 12 
0.5920 23.40 0.07 1.00 0.08 0.08 0.05 42.52 0.20 12 
0.9050 24.29 0.12 1.10 0.05 0.02 0.14 43.69 0.42 12 
0.9490 24.50 0.14 0.90 0.06 0.09 0.15 43.47 0.47 12 
0.4607 22.56 0.10 1.13 0.18 0.02 0.06 41.97 0.26 12 
0.3709 22.20 0.04 0.97 0.02 -0.02 0.02 41.50 0.13 12 
0.8000 24.52 0.10 0.77 0.06 -0.39 0.21 44.42 0.54 12 
0.6790 24.10 0.07 1.01 0.03 0.00 0.05 43.42 0.18 12 
0.5817 23.59 0.07 0.98 0.04 0.01 0.06 42.84 0.18 12 
0.5500 23.36 0.06 1.00 0.04 0.11 0.04 42.40 0.16 12 
0.8100 24.27 0.10 1.01 0.10 -0.07 0.18 43.73 0.49 12 
0.9500 24.55 0.13 1.19 0.15 0.13 0.16 43.78 0.42 12 
0.3373 21.97 0.03 1.06 0.01 0.07 0.01 41.18 0.12 12 
0.9100 24.71 0.11 0.95 0.04 -0.20 0.13 44.41 0.39 12 
0.2630 21.68 0.03 0.89 0.02 0.09 0.01 40.64 0.12 12 
0.6430 23.80 0.07 0.96 0.02 0.02 0.04 43.01 0.16 12 
0.6910 24.26 0.07 0.80 0.02 0.07 0.04 43.14 0.17 12 
0.3570 22.42 0.04 0.94 0.02 0.13 0.02 41.36 0.13 12 
0.7210 23.90 0.08 1.07 0.09 0.07 0.05 43.13 0.19 12 
0.5810 23.35 0.06 1.02 0.03 -0.05 0.03 42.79 0.15 12 
0.6268 23.39 0.06 1.04 0.02 0.01 0.02 42.71 0.15 12 
0.8180 24.65 0.10 0.75 0.08 0.03 0.21 43.57 0.56 12 
0.4490 22.55 0.05 0.95 0.02 -0.05 0.03 41.90 0.15 12 
0.6880 23.63 0.07 0.96 0.05 -0.07 0.04 43.04 0.18 12 
0.8700 24.46 0.11 1.19 0.06 -0.04 0.17 44.08 0.50 12 
0.5043 22.98 0.05 1.08 0.02 0.03 0.03 42.30 0.14 12 
0.5910 23.40 0.08 1.24 0.09 -0.14 0.08 43.31 0.27 13 
0.4260 22.68 0.05 1.01 0.04 0.08 0.03 41.81 0.20 13 
0.3290 22.50 0.21 1.14 0.11 0.26 0.09 41.38 0.25 13 
0.5310 23.23 0.06 1.15 0.12 -0.15 0.08 43.06 0.30 13 
0.5830 23.59 0.10 1.09 0.21 0.18 0.15 42.60 0.46 13 
0.5190 23.64 0.09 1.09 0.17 -0.01 0.14 43.09 0.39 13 
0.4010 22.48 0.07 1.02 0.06 0.08 0.08 41.62 0.26 13 
0.3400 21.91 0.18 0.99 0.07 0.04 0.08 41.10 0.22 13 
0.4360 22.50 0.05 1.04 0.04 0.00 0.05 41.84 0.22 13 
0.3630 21.89 0.07 1.04 0.03 -0.07 0.06 41.40 0.21 13 
0.4360 22.50 0.05 1.26 0.06 0.09 0.05 41.92 0.21 13 
0.3090 22.36 0.07 0.83 0.02 0.07 0.06 41.29 0.21 13 
0.3420 22.19 0.06 1.01 0.03 0.07 0.04 41.33 0.20 13 
0.3320 22.52 0.06 0.84 0.06 0.17 0.06 41.24 0.22 13 
0.4690 22.55 0.05 1.10 0.05 -0.05 0.05 42.09 0.22 13 
0.2390 21.70 0.05 0.92 0.02 0.19 0.04 40.47 0.19 13 
0.3520 22.80 0.06 0.82 0.05 0.19 0.06 41.44 0.22 13 
0.6120 24.05 0.19 1.37 0.19 0.68 0.31 42.26 0.82 13 
0.6310 23.39 0.07 0.99 0.10 0.05 0.07 42.57 0.27 13 
0.6450 23.38 0.07 0.96 0.04 -0.09 0.06 42.83 0.23 13 
0.4290 22.65 0.05 0.87 0.03 -0.02 0.05 41.83 0.22 13 
0.4970 22.90 0.07 0.92 0.03 0.01 0.07 42.09 0.23 13 
0.5390 23.29 0.07 0.88 0.05 0.03 0.07 42.36 0.24 13 
0.5610 23.09 0.06 1.07 0.07 -0.05 0.07 42.60 0.25 13 
0.4100 22.37 0.05 0.90 0.03 0.09 0.06 41.35 0.22 13 
0.4120 23.06 0.11 1.21 0.10 0.37 0.12 41.78 0.30 13 
0.5990 23.75 0.09 0.71 0.06 -0.07 0.09 42.85 0.29 13 
0.6190 23.45 0.08 1.01 0.07 -0.07 0.07 42.92 0.25 13 
0.4220 22.45 0.07 0.88 0.05 -0.03 0.08 41.67 0.24 13 
0.5400 23.30 0.06 0.94 0.11 -0.02 0.06 42.57 0.25 13 
0.4010 23.07 0.08 0.88 0.14 0.07 0.10 42.07 0.31 13 
0.2180 21.32 0.07 1.17 0.06 0.23 0.05 40.32 0.20 13 
0.6330 23.18 0.09 0.96 0.07 0.09 0.09 42.23 0.30 13 
0.3830 22.33 0.08 0.78 0.03 -0.10 0.08 41.59 0.23 13 
0.3020 23.28 0.14 1.23 0.13 0.57 0.11 41.57 0.26 13 
0.3400 22.27 0.06 1.00 0.03 0.19 0.04 41.14 0.20 13 
0.5100 22.79 0.07 0.96 0.06 0.06 0.08 41.92 0.26 13 
0.4210 23.17 0.12 1.15 0.11 0.30 0.06 41.97 0.23 13 
0.3990 23.46 0.11 0.75 0.09 0.32 0.11 41.71 0.28 13 
0.4930 22.92 0.06 1.06 0.04 0.08 0.07 42.12 0.23 13 
0.6870 23.40 0.09 0.92 0.07 -0.10 0.08 42.83 0.28 13 
0.5020 23.45 0.13 0.65 0.10 0.18 0.16 41.90 0.31 13 
0.6870 23.52 0.08 1.04 0.05 0.02 0.06 42.82 0.25 13 
0.4950 22.90 0.06 1.09 0.08 0.05 0.06 42.20 0.25 13 
0.6030 23.48 0.07 0.92 0.05 0.02 0.08 42.64 0.27 13 
0.4210 22.44 0.08 1.15 0.11 -0.05 0.09 42.04 0.28 13 
0.3480 22.65 0.05 0.95 0.03 0.15 0.04 41.55 0.20 13 
0.2130 22.01 0.09 0.88 0.03 0.36 0.07 40.34 0.20 13 
0.3440 21.71 0.05 0.90 0.02 -0.08 0.04 41.07 0.20 13 
0.2710 21.84 0.07 0.81 0.06 0.15 0.06 40.55 0.21 13 
0.5640 22.89 0.13 0.93 0.16 -0.12 0.10 42.38 0.40 13 
0.2740 21.94 0.09 0.91 0.04 0.15 0.07 40.77 0.22 13 
0.5820 23.81 0.07 0.94 0.06 -0.08 0.08 43.21 0.28 13 
0.6800 23.73 0.07 1.13 0.10 0.16 0.06 42.83 0.25 13 
0.4010 23.34 0.07 0.97 0.06 0.29 0.07 41.93 0.24 13 
0.4160 23.93 0.11 0.92 0.12 0.61 0.11 41.75 0.30 13 
0.2860 22.52 0.12 1.10 0.19 0.24 0.10 41.39 0.33 13 
0.3140 21.99 0.11 0.83 0.13 0.03 0.08 41.02 0.29 13 
0.5810 23.28 0.09 1.20 0.11 -0.34 0.09 43.60 0.38 13 
0.4630 23.09 0.07 1.00 0.05 0.19 0.08 41.95 0.27 13 
0.3410 21.66 0.08 0.98 0.03 -0.07 0.05 41.09 0.21 13 
0.6710 23.64 0.09 1.07 0.15 0.37 0.14 42.19 0.33 13 
0.6310 23.41 0.07 1.07 0.08 -0.06 0.05 42.93 0.23 13 
0.5220 23.29 0.07 0.91 0.05 -0.08 0.11 42.67 0.30 13 
0.3680 22.04 0.05 0.97 0.03 -0.05 0.04 41.41 0.20 13 
0.3090 21.87 0.05 0.89 0.04 0.08 0.05 40.85 0.21 13 
0.5280 23.27 0.09 1.14 0.22 0.11 0.10 42.48 0.31 13 
0.2680 22.11 0.06 0.66 0.02 0.09 0.05 40.77 0.20 13 
0.6950 23.93 0.11 0.71 0.16 -0.02 0.15 42.92 0.41 13 
0.2840 21.66 0.06 0.85 0.02 -0.01 0.05 40.79 0.20 13 
0.5080 22.91 0.06 1.02 0.03 0.04 0.04 42.14 0.21 13 
0.7810 24.12 0.11 0.96 0.16 -0.00 0.16 43.38 0.34 13 
0.6130 23.40 0.11 0.63 0.32 -0.08 0.18 42.43 0.33 13 
